From the CEBus specifications
0.0000
0.0816
0.1328
0.1827
0.2149
0.2149
0.2041
0.1585
0.0784
-0.0246
-0.1479
-0.2628
-0.3550
-0.3973
-0.3973
-0.3257
-0.2056
-0.0533
0.1161
0.2619
0.3736
0.4404
0.4301
0.3652
0.2442
0.0997
-0.0529
-0.2115
-0.3218
-0.3973
-0.4008
-0.3596
-0.2610
-0.1148
0.0648
0.2065
0.3373
0.4082
0.4082
0.3334
0.1922
0.0277
-0.1524
-0.2968
-0.3963
-0.4295
-0.3944
-0.2861
-0.1417
0.0277
0.1922
0.3230
0.4001
0.4082
0.3351
0.1916
0.0225
-0.1517
-0.3040
-0.4053
-0.4295
-0.3560
-0.2197
-0.0397
0.1511
0.3067
0.4053
0.4140
0.3428
0.2091
0.0251
-0.1636
-0.3028
-0.3971
-0.4018
-0.3310
-0.1904
-0.0173
0.1690
0.3120
0.4082
0.3867
0.2915
0.1316
-0.0686
-0.2594
-0.3827
-0.4295
-0.3796
-0.2444
-0.0536
0.1479
0.3134
0.4032
0.3829
0.2805
0.0953
-0.0992
-0.2729
-0.3790
-0.3865
-0.3174
-0.1589
0.0283
0.2039
0.3419
0.3867
0.3435
0.1955
0.0135
-0.1777
-0.3300
-0.3968
-0.3592
-0.2226
-0.0333
0.1679
0.3104
0.3760
0.3520
0.1970
-0.0002
-0.2097
-0.3590
-0.4078
-0.3412
-0.1846
0.0255
0.2122
0.3430
0.3652
0.2746
0.1053
-0.1035
-0.2753
-0.3597
-0.3426
-0.2216
-0.0450
0.1366
0.2936
0.3545
0.3048
0.1651
-0.0235
-0.1992
-0.3111
-0.3328
-0.2436
-0.0753
0.1111
0.2669
0.3385
0.2986
0.1497
-0.0441
-0.2319
-0.3436
-0.3534
-0.2372
-0.0465
0.1443
0.2879
0.3224
0.2392
0.0663
-0.1424
-0.2973
-0.3643
-0.2894
-0.1157
0.0871
0.2640
0.3424
0.2908
0.1266
-0.0813
-0.2519
-0.3221
-0.2640
-0.1073
0.0898
0.2509
0.3223
0.2717
0.1194
-0.0765
-0.2281
-0.2899
-0.2405
-0.0906
0.0855
0.2163
0.2578
0.1963
0.0377
-0.1379
-0.2578
-0.2899
-0.2106
-0.0608
0.0939
0.1929
0.2041
0.1154
-0.0262
-0.1610
-0.2362
-0.2202
-0.1164
0.0251
0.1559
0.2239
0.1887
0.0855
-0.0369
-0.1417
-0.1717
-0.1099
-0.0006
0.1301
0.2072
0.2285
0.1508
0.0235
-0.1019
-0.1727
-0.1645
-0.0615
0.0706
0.1922
0.2578
0.2122
0.0815
-0.1116
-0.3090
-0.4610
-0.5000
-0.4600
-0.3383
-0.1861
-0.0338
0.0862
0.1612
0.1827
0.2041
0.2134
0.2363
0.2471
0.2714
0.2793
0.2599
0.2213
0.1613
0.1013
0.0413
-0.0161
-0.0536
-0.0858
-0.1400
-0.1932
-0.2437
-0.2930
-0.3328
-0.3436
-0.3322
-0.2899
-0.2362
-0.1844
-0.1244
-0.0644
-0.0214
0.0450
0.1182
0.1903
0.2680
0.3330
0.3760
0.3836
0.3652
0.3330
0.2849
0.2142
0.1541
0.0834
0.0126
-0.0842
-0.1826
-0.2641
-0.3436
-0.3949
-0.4295
-0.4295
-0.4022
-0.3514
-0.2821
-0.2006
-0.1202
-0.0269
0.0753
0.1648
0.2606
0.3421
0.3960
0.4189
0.4082
0.3738
0.3008
0.2068
0.0975
0.0096
-0.0981
-0.1875
-0.2684
-0.3319
-0.3758
-0.3865
-0.3758
-0.3192
-0.2377
-0.1300
-0.0099
0.1101
0.2087
0.2857
0.3330
0.3542
0.3437
0.3099
0.2498
0.1469
0.0447
-0.0806
-0.2061
-0.3261
-0.3847
-0.4295
-0.4197
-0.3646
-0.2791
-0.1586
-0.0362
0.0839
0.2039
0.2962
0.3670
0.4108
0.4189
0.3781
0.3059
0.1803
0.0312
-0.1211
-0.2349
-0.3321
-0.3752
-0.3474
-0.2874
-0.1970
-0.0985
